# Simple XYZ RGB point cloud
# Format: X Y Z R G B (coordinates in meters, colors as 0-1 floats)
# This represents a colorful 3D point cloud with various colored points
-2.5 1.8 0.5 1.0 0.0 0.0
-2.2 1.5 0.8 0.9 0.1 0.0
-1.9 1.2 1.1 0.8 0.2 0.0
-1.6 0.9 1.4 0.7 0.3 0.0
-1.3 0.6 1.7 0.6 0.4 0.0
-1.0 0.3 2.0 0.5 0.5 0.0
-0.7 0.0 2.3 0.4 0.6 0.0
-0.4 -0.3 2.6 0.3 0.7 0.0
-0.1 -0.6 2.9 0.2 0.8 0.0
0.2 -0.9 3.2 0.1 0.9 0.0
0.5 -1.2 3.5 0.0 1.0 0.0
0.8 -1.5 3.8 0.0 0.9 0.1
1.1 -1.8 4.1 0.0 0.8 0.2
1.4 -2.1 4.4 0.0 0.7 0.3
1.7 -2.4 4.7 0.0 0.6 0.4
2.0 -2.7 5.0 0.0 0.5 0.5
-1.2 2.2 0.3 0.0 0.4 0.6
-0.8 1.9 0.6 0.0 0.3 0.7
-0.4 1.6 0.9 0.0 0.2 0.8
0.0 1.3 1.2 0.0 0.1 0.9
0.4 1.0 1.5 0.0 0.0 1.0
0.8 0.7 1.8 0.1 0.0 0.9
1.2 0.4 2.1 0.2 0.0 0.8
1.6 0.1 2.4 0.3 0.0 0.7
2.0 -0.2 2.7 0.4 0.0 0.6
2.4 -0.5 3.0 0.5 0.0 0.5
2.8 -0.8 3.3 0.6 0.0 0.4
3.2 -1.1 3.6 0.7 0.0 0.3
3.6 -1.4 3.9 0.8 0.0 0.2
4.0 -1.7 4.2 0.9 0.0 0.1
4.4 -2.0 4.5 1.0 0.0 0.0
0.5 0.5 0.0 1.0 1.0 0.0
0.7 0.8 0.2 0.9 1.0 0.1
0.9 1.1 0.4 0.8 1.0 0.2
1.1 1.4 0.6 0.7 1.0 0.3
1.3 1.7 0.8 0.6 1.0 0.4
1.5 2.0 1.0 0.5 1.0 0.5
1.7 2.3 1.2 0.4 1.0 0.6
1.9 2.6 1.4 0.3 1.0 0.7
2.1 2.9 1.6 0.2 1.0 0.8
2.3 3.2 1.8 0.1 1.0 0.9
2.5 3.5 2.0 0.0 1.0 1.0
