# 3D point list with one line of data per point:
#   POINT3D_ID, X, Y, Z, R, G, B, ERROR, TRACK[] as (IMAGE_ID, POINT2D_IDX)
# Number of points: 25, mean track length: 3.2
1 -2.1 1.5 0.8 255 128 64 0.5 2 5 1 8 3
2 -1.8 1.2 1.1 128 255 128 0.3 3 2 4 6 8
3 -1.5 0.9 1.4 64 128 255 0.4 2 1 9 5 2
4 -1.2 0.6 1.7 255 255 128 0.2 4 3 7 9 1 12 5
5 -0.9 0.3 2.0 255 128 255 0.6 2 4 6 8 9
6 -0.6 0.0 2.3 128 255 255 0.3 3 2 8 7 4 11 3
7 -0.3 -0.3 2.6 255 192 128 0.4 2 5 9 6 7
8 0.0 -0.6 2.9 192 255 128 0.5 3 1 3 4 8 10 2
9 0.3 -0.9 3.2 128 192 255 0.3 2 2 7 9 5
10 0.6 -1.2 3.5 255 255 192 0.4 4 6 1 8 4 7 9 11 6
11 0.9 -1.5 3.8 255 128 192 0.6 2 3 5 12 8
12 1.2 -1.8 4.1 192 128 255 0.2 3 4 2 9 7 10 1
13 1.5 -2.1 4.4 128 255 192 0.5 2 1 8 5 3
14 1.8 -2.4 4.7 255 192 255 0.3 4 6 4 7 2 9 8 11 5
15 2.1 -2.7 5.0 192 255 255 0.4 2 3 9 8 6
16 -1.0 2.0 0.5 255 64 128 0.7 3 2 1 4 7 6 9
17 -0.5 1.7 0.8 128 255 64 0.3 2 5 3 8 2
18 0.0 1.4 1.1 64 255 128 0.5 4 1 6 3 9 7 12 4
19 0.5 1.1 1.4 255 128 64 0.2 2 4 8 7 5
20 1.0 0.8 1.7 128 64 255 0.6 3 2 9 5 1 10 8
21 1.5 0.5 2.0 255 255 64 0.4 2 6 7 11 9
22 2.0 0.2 2.3 64 128 128 0.3 4 3 4 8 2 9 6 12 1
23 2.5 -0.1 2.6 192 192 192 0.5 2 1 5 7 3
24 3.0 -0.4 2.9 128 128 192 0.4 3 8 6 4 9 10 7
25 3.5 -0.7 3.2 255 192 128 0.6 2 2 4 9 8
